a = 0.5, b = 0.5, c = 0.5
f = -737.257041083, x = [499.31742395249955, 499.3174262797162]
a = 1.0, b = 0.8, c = 1.0
f = -888.583750801, x = [472.6952114926131, -420.968746351129]
a = 2.5, b = 1.0, c = 2.0
f = -1497.64060671, x = [-420.9687469299634, 450.6825579994172]
