x0: [100, 100]
ideal: [-7.9999999999998419, 2.7754757762910496e-16]
weight: [0.99503719020998926, 0.99503719020998926]
x = [1.4067796992811834, 3.932203399812606], penalty: 0.0, 
result: [1.4067796992811834, 3.932203399812606]
f1(result) = -3.14966945633
f2(result) = 3.3361101343
