x0: [0, 0]
x = [0.041015625, 0.0], penalty: 1.83607691469e-05, 
x = [1.4142135472244115, -3.337818181989841e-10], penalty: 0.0, 
result: [1.4142135472244115, -3.337818181989841e-10]
