x0: [0, 0]
x = [0.041015625, 0.0], penalty: 1.83607691469e-05, 
x = [1.4142135468613029, -3.339067543847396e-10], penalty: -4.59019228672e-06, 
x = [1.4142135468613029, -3.339067543847396e-10], penalty: 0.0, 
result: [1.4142135468613029, -3.339067543847396e-10]
f(result) = -1.0
